{"nbformat":4,"nbformat_minor":0,"metadata":{"colab":{"provenance":[],"authorship_tag":"ABX9TyO3djUHv/BL42baIUPPKJ8G"},"kernelspec":{"name":"python3","display_name":"Python 3"},"language_info":{"name":"python"}},"cells":[{"cell_type":"markdown","source":["##1. Problema del negocio.\n","Se desea realizar inicialmente un análisis exploratorio del Dataset \"Student Performance Data Set\" obtenido de [Kaggle](https://www.kaggle.com/datasets/larsen0966/student-performance-data-set/data), en el cual se aborda el rendimiento de los alumnos de secudaria de dos colegios portugueses.\n","\n","##2. Atributos existentes en el Data Set.\n","Los atributos de los datos se describen a continuación:\n","\n","* **school:** colegio en el que está inscrito el alumno (binario: 'GP' - Gabriel Pereira o 'MS' - Mousinho da Silveira)\n","* **sex:** Sexo del estudiante (binario: 'F' - femenino o 'M' - masculino)\n","* **age:** edad del estudiante (numerico: desde los 15 hasta los 22)  \n","* **address:** tipo de hogar del estudiante (binario: 'U' - urbano o 'R' - rural)\n","* **famsize:** tañamo del nucleo familiar (binario: 'LE3' - menor o igual a 3 o 'GT3' - mayor a 3)\n","* **Pstatus:** estado de convivencia de los padres (binario: 'T' - viven juntos o 'A' - viven aparte)\n","* **Medu:** educación de la madre (numerico: 0 - ninguno, 1 - educación primaria (4to grado), 2 (5to a 9no grado), 3 (educación secundaria) o 4 (educación superior)\n","* **Fedu:** educación del padre (numerico: 0 - ninguno, 1 - educación primaria (4to grado), 2 (5to a 9no grado), 3 (educación secundaria) o 4 (educación superior)\n","* **Mjob:** Trabajo de la madre (str: 'teacher', 'health' care related, civil 'services' (e.g. administrative or police), 'at_home' or 'other')\n","* **Fjob:** Trabajo de la madre (str: 'teacher', 'health' care related, civil 'services' (e.g. administrative or police), 'at_home' or 'other')\n","* **reason:** Razón para elegir la escuela (str: close to 'home', school 'reputation', 'course' preference or 'other')\n","* *guardian:** tutor del estudiante (str: 'mother', 'father' o 'other')\n","* **traveltime:** tiempo de viaje de la casa a la escuela (numerico: 1 - <15 min., 2 - 15 to 30 min., 3 - 30 min. a 1 hora, o 4 - >1 hora)\n","* **studytime:** tiempo de estudio semanal del estudiante (numerico: 1 - <2 horas, 2 - 2 a 5 horas, 3 - 5 a 10 horas, o 4 - >10 horas)\n","* **failures:** numero de clases pasadas no aprobadas (numerico: n si 1<=n<3, de lo contrario 4)\n","* **schoolsup:** soporte educativo extra al estudiante (binario: yes-no)\n","* **famsup:** soporte educativo de la familia (binario: yes-no)\n","* **paid:** clases extra pagadas dentro de la materia del curso (Matematicas o Portugues) (binario: yes-no)\n","* **activities:** el estudiante realiza actividades extracurriculares (binario: yes-no)\n","* **nursery:** el estudiante asistió a la guardería (binario: yes-no)\n","* **higher:** el estudiante desea realizar estudios de educación superior (binario: yes-no)\n","* **internet:** el estudiante tiene acceso a internet en casa (binario: yes-no)\n","* **romantic:** el estudiante se encuentra en una relación sentimental (binario: yes-no)\n","* **famrel:** calidad de las relaciones familiares (numerico: desde 1 - muy mala hasta 5 - excelente)\n","* **freetime:** tiempo libre del estudiante después de la escuela (numerico: desde 1 - muy poco hasta 5 - muy alto)\n","* **goout:** tiempo que el estudiante utiliza para salir con amigos (numerico: desde 1 - muy bajo hasta 5 - muy alto)\n","* **Dalc:** consumo de alcohol en días de estudio (numerico: desde 1 - muy bajo hasta 5 - muy alto)\n","* **Walc:** consumo de alcohol en fines de semana (numerico: desde 1 - muy bajo hasta 5 - muy alto)\n","* **health:** estado de salud actual del estudiante (numerico: desde 1 - muy malo hasta 5 - muy bueno)\n","* **absences:** numero de faltas a clase (numerico: de 0 a 93)\n","* **G1:** nota del estudiande en el primer periodo (numerico: de 0 a 20)\n","* **G2:** nota del estudiande en el segundo periodo (numerico: de 0 a 20)\n","* **G3:** nota final del estudiande (numerico: de 0 a 20)\n","\n","\n","\n","\n","\n","\n","\n","\n","\n","\n","\n"],"metadata":{"id":"oBmaquQsckAz"}},{"cell_type":"markdown","source":["##3. Lectura del Data Set"],"metadata":{"id":"4TrLZ_UCFOof"}},{"cell_type":"code","source":["# Importar librerías\n","import pandas as pd\n","import matplotlib.pyplot as plt\n","import seaborn as sns"],"metadata":{"id":"cGYwoEcNchzs","executionInfo":{"status":"ok","timestamp":1708389827445,"user_tz":300,"elapsed":1967,"user":{"displayName":"Nelson Fabian Ramirez Upegui","userId":"13971451600533089507"}}},"execution_count":1,"outputs":[]},{"cell_type":"code","execution_count":2,"metadata":{"id":"VSyLydg0YZko","colab":{"base_uri":"https://localhost:8080/"},"executionInfo":{"status":"ok","timestamp":1708389856330,"user_tz":300,"elapsed":19776,"user":{"displayName":"Nelson Fabian Ramirez Upegui","userId":"13971451600533089507"}},"outputId":"4c56acb0-be9f-48ed-b137-e8abbe0fd505"},"outputs":[{"output_type":"stream","name":"stdout","text":["Mounted at /gdrive\n"]}],"source":["# Lectura\n","from google.colab import drive\n","drive.mount('/gdrive')\n","\n","ruta = \"/gdrive/MyDrive/01. ESP AyCD/0. GitHub/Udea_EAyCD/01. FUNDAMENTOS PROG/03. PROYECTO FINAL/03. Proyecto Fund/student-por.csv\"\n","data = pd.read_csv(ruta)"]},{"cell_type":"code","source":["print(data.shape)\n","data.head()"],"metadata":{"colab":{"base_uri":"https://localhost:8080/","height":253},"id":"LTY3XKfCfXMF","executionInfo":{"status":"ok","timestamp":1708389861424,"user_tz":300,"elapsed":614,"user":{"displayName":"Nelson Fabian Ramirez Upegui","userId":"13971451600533089507"}},"outputId":"0cccc5c0-8b26-4879-85dd-8d086baf8cb7"},"execution_count":3,"outputs":[{"output_type":"stream","name":"stdout","text":["(649, 33)\n"]},{"output_type":"execute_result","data":{"text/plain":["  school sex  age address famsize Pstatus  Medu  Fedu     Mjob      Fjob  ...  \\\n","0     GP   F   18       U     GT3       A     4     4  at_home   teacher  ...   \n","1     GP   F   17       U     GT3       T     1     1  at_home     other  ...   \n","2     GP   F   15       U     LE3       T     1     1  at_home     other  ...   \n","3     GP   F   15       U     GT3       T     4     2   health  services  ...   \n","4     GP   F   16       U     GT3       T     3     3    other     other  ...   \n","\n","  famrel freetime  goout  Dalc  Walc health absences  G1  G2  G3  \n","0      4        3      4     1     1      3        4   0  11  11  \n","1      5        3      3     1     1      3        2   9  11  11  \n","2      4        3      2     2     3      3        6  12  13  12  \n","3      3        2      2     1     1      5        0  14  14  14  \n","4      4        3      2     1     2      5        0  11  13  13  \n","\n","[5 rows x 33 columns]"],"text/html":["\n","  <div id=\"df-d5015922-1541-43b4-a900-1f9036cd54d1\" class=\"colab-df-container\">\n","    <div>\n","<style scoped>\n","    .dataframe tbody tr th:only-of-type {\n","        vertical-align: middle;\n","    }\n","\n","    .dataframe tbody tr th {\n","        vertical-align: top;\n","    }\n","\n","    .dataframe thead th {\n","        text-align: right;\n","    }\n","</style>\n","<table border=\"1\" class=\"dataframe\">\n","  <thead>\n","    <tr style=\"text-align: right;\">\n","      <th></th>\n","      <th>school</th>\n","      <th>sex</th>\n","      <th>age</th>\n","      <th>address</th>\n","      <th>famsize</th>\n","      <th>Pstatus</th>\n","      <th>Medu</th>\n","      <th>Fedu</th>\n","      <th>Mjob</th>\n","      <th>Fjob</th>\n","      <th>...</th>\n","      <th>famrel</th>\n","      <th>freetime</th>\n","      <th>goout</th>\n","      <th>Dalc</th>\n","      <th>Walc</th>\n","      <th>health</th>\n","      <th>absences</th>\n","      <th>G1</th>\n","      <th>G2</th>\n","      <th>G3</th>\n","    </tr>\n","  </thead>\n","  <tbody>\n","    <tr>\n","      <th>0</th>\n","      <td>GP</td>\n","      <td>F</td>\n","      <td>18</td>\n","      <td>U</td>\n","      <td>GT3</td>\n","      <td>A</td>\n","      <td>4</td>\n","      <td>4</td>\n","      <td>at_home</td>\n","      <td>teacher</td>\n","      <td>...</td>\n","      <td>4</td>\n","      <td>3</td>\n","      <td>4</td>\n","      <td>1</td>\n","      <td>1</td>\n","      <td>3</td>\n","      <td>4</td>\n","      <td>0</td>\n","      <td>11</td>\n","      <td>11</td>\n","    </tr>\n","    <tr>\n","      <th>1</th>\n","      <td>GP</td>\n","      <td>F</td>\n","      <td>17</td>\n","      <td>U</td>\n","      <td>GT3</td>\n","      <td>T</td>\n","      <td>1</td>\n","      <td>1</td>\n","      <td>at_home</td>\n","      <td>other</td>\n","      <td>...</td>\n","      <td>5</td>\n","      <td>3</td>\n","      <td>3</td>\n","      <td>1</td>\n","      <td>1</td>\n","      <td>3</td>\n","      <td>2</td>\n","      <td>9</td>\n","      <td>11</td>\n","      <td>11</td>\n","    </tr>\n","    <tr>\n","      <th>2</th>\n","      <td>GP</td>\n","      <td>F</td>\n","      <td>15</td>\n","      <td>U</td>\n","      <td>LE3</td>\n","      <td>T</td>\n","      <td>1</td>\n","      <td>1</td>\n","      <td>at_home</td>\n","      <td>other</td>\n","      <td>...</td>\n","      <td>4</td>\n","      <td>3</td>\n","      <td>2</td>\n","      <td>2</td>\n","      <td>3</td>\n","      <td>3</td>\n","      <td>6</td>\n","      <td>12</td>\n","      <td>13</td>\n","      <td>12</td>\n","    </tr>\n","    <tr>\n","      <th>3</th>\n","      <td>GP</td>\n","      <td>F</td>\n","      <td>15</td>\n","      <td>U</td>\n","      <td>GT3</td>\n","      <td>T</td>\n","      <td>4</td>\n","      <td>2</td>\n","      <td>health</td>\n","      <td>services</td>\n","      <td>...</td>\n","      <td>3</td>\n","      <td>2</td>\n","      <td>2</td>\n","      <td>1</td>\n","      <td>1</td>\n","      <td>5</td>\n","      <td>0</td>\n","      <td>14</td>\n","      <td>14</td>\n","      <td>14</td>\n","    </tr>\n","    <tr>\n","      <th>4</th>\n","      <td>GP</td>\n","      <td>F</td>\n","      <td>16</td>\n","      <td>U</td>\n","      <td>GT3</td>\n","      <td>T</td>\n","      <td>3</td>\n","      <td>3</td>\n","      <td>other</td>\n","      <td>other</td>\n","      <td>...</td>\n","      <td>4</td>\n","      <td>3</td>\n","      <td>2</td>\n","      <td>1</td>\n","      <td>2</td>\n","      <td>5</td>\n","      <td>0</td>\n","      <td>11</td>\n","      <td>13</td>\n","      <td>13</td>\n","    </tr>\n","  </tbody>\n","</table>\n","<p>5 rows × 33 columns</p>\n","</div>\n","    <div class=\"colab-df-buttons\">\n","\n","  <div class=\"colab-df-container\">\n","    <button class=\"colab-df-convert\" onclick=\"convertToInteractive('df-d5015922-1541-43b4-a900-1f9036cd54d1')\"\n","            title=\"Convert this dataframe to an interactive table.\"\n","            style=\"display:none;\">\n","\n","  <svg xmlns=\"http://www.w3.org/2000/svg\" height=\"24px\" viewBox=\"0 -960 960 960\">\n","    <path d=\"M120-120v-720h720v720H120Zm60-500h600v-160H180v160Zm220 220h160v-160H400v160Zm0 220h160v-160H400v160ZM180-400h160v-160H180v160Zm440 0h160v-160H620v160ZM180-180h160v-160H180v160Zm440 0h160v-160H620v160Z\"/>\n","  </svg>\n","    </button>\n","\n","  <style>\n","    .colab-df-container {\n","      display:flex;\n","      gap: 12px;\n","    }\n","\n","    .colab-df-convert {\n","      background-color: #E8F0FE;\n","      border: none;\n","      border-radius: 50%;\n","      cursor: pointer;\n","      display: none;\n","      fill: #1967D2;\n","      height: 32px;\n","      padding: 0 0 0 0;\n","      width: 32px;\n","    }\n","\n","    .colab-df-convert:hover {\n","      background-color: #E2EBFA;\n","      box-shadow: 0px 1px 2px rgba(60, 64, 67, 0.3), 0px 1px 3px 1px rgba(60, 64, 67, 0.15);\n","      fill: #174EA6;\n","    }\n","\n","    .colab-df-buttons div {\n","      margin-bottom: 4px;\n","    }\n","\n","    [theme=dark] .colab-df-convert {\n","      background-color: #3B4455;\n","      fill: #D2E3FC;\n","    }\n","\n","    [theme=dark] .colab-df-convert:hover {\n","      background-color: #434B5C;\n","      box-shadow: 0px 1px 3px 1px rgba(0, 0, 0, 0.15);\n","      filter: drop-shadow(0px 1px 2px rgba(0, 0, 0, 0.3));\n","      fill: #FFFFFF;\n","    }\n","  </style>\n","\n","    <script>\n","      const buttonEl =\n","        document.querySelector('#df-d5015922-1541-43b4-a900-1f9036cd54d1 button.colab-df-convert');\n","      buttonEl.style.display =\n","        google.colab.kernel.accessAllowed ? 'block' : 'none';\n","\n","      async function convertToInteractive(key) {\n","        const element = document.querySelector('#df-d5015922-1541-43b4-a900-1f9036cd54d1');\n","        const dataTable =\n","          await google.colab.kernel.invokeFunction('convertToInteractive',\n","                                                    [key], {});\n","        if (!dataTable) return;\n","\n","        const docLinkHtml = 'Like what you see? Visit the ' +\n","          '<a target=\"_blank\" href=https://colab.research.google.com/notebooks/data_table.ipynb>data table notebook</a>'\n","          + ' to learn more about interactive tables.';\n","        element.innerHTML = '';\n","        dataTable['output_type'] = 'display_data';\n","        await google.colab.output.renderOutput(dataTable, element);\n","        const docLink = document.createElement('div');\n","        docLink.innerHTML = docLinkHtml;\n","        element.appendChild(docLink);\n","      }\n","    </script>\n","  </div>\n","\n","\n","<div id=\"df-5e46ce99-a491-4649-8f85-639defb3b0e1\">\n","  <button class=\"colab-df-quickchart\" onclick=\"quickchart('df-5e46ce99-a491-4649-8f85-639defb3b0e1')\"\n","            title=\"Suggest charts\"\n","            style=\"display:none;\">\n","\n","<svg xmlns=\"http://www.w3.org/2000/svg\" height=\"24px\"viewBox=\"0 0 24 24\"\n","     width=\"24px\">\n","    <g>\n","        <path d=\"M19 3H5c-1.1 0-2 .9-2 2v14c0 1.1.9 2 2 2h14c1.1 0 2-.9 2-2V5c0-1.1-.9-2-2-2zM9 17H7v-7h2v7zm4 0h-2V7h2v10zm4 0h-2v-4h2v4z\"/>\n","    </g>\n","</svg>\n","  </button>\n","\n","<style>\n","  .colab-df-quickchart {\n","      --bg-color: #E8F0FE;\n","      --fill-color: #1967D2;\n","      --hover-bg-color: #E2EBFA;\n","      --hover-fill-color: #174EA6;\n","      --disabled-fill-color: #AAA;\n","      --disabled-bg-color: #DDD;\n","  }\n","\n","  [theme=dark] .colab-df-quickchart {\n","      --bg-color: #3B4455;\n","      --fill-color: #D2E3FC;\n","      --hover-bg-color: #434B5C;\n","      --hover-fill-color: #FFFFFF;\n","      --disabled-bg-color: #3B4455;\n","      --disabled-fill-color: #666;\n","  }\n","\n","  .colab-df-quickchart {\n","    background-color: var(--bg-color);\n","    border: none;\n","    border-radius: 50%;\n","    cursor: pointer;\n","    display: none;\n","    fill: var(--fill-color);\n","    height: 32px;\n","    padding: 0;\n","    width: 32px;\n","  }\n","\n","  .colab-df-quickchart:hover {\n","    background-color: var(--hover-bg-color);\n","    box-shadow: 0 1px 2px rgba(60, 64, 67, 0.3), 0 1px 3px 1px rgba(60, 64, 67, 0.15);\n","    fill: var(--button-hover-fill-color);\n","  }\n","\n","  .colab-df-quickchart-complete:disabled,\n","  .colab-df-quickchart-complete:disabled:hover {\n","    background-color: var(--disabled-bg-color);\n","    fill: var(--disabled-fill-color);\n","    box-shadow: none;\n","  }\n","\n","  .colab-df-spinner {\n","    border: 2px solid var(--fill-color);\n","    border-color: transparent;\n","    border-bottom-color: var(--fill-color);\n","    animation:\n","      spin 1s steps(1) infinite;\n","  }\n","\n","  @keyframes spin {\n","    0% {\n","      border-color: transparent;\n","      border-bottom-color: var(--fill-color);\n","      border-left-color: var(--fill-color);\n","    }\n","    20% {\n","      border-color: transparent;\n","      border-left-color: var(--fill-color);\n","      border-top-color: var(--fill-color);\n","    }\n","    30% {\n","      border-color: transparent;\n","      border-left-color: var(--fill-color);\n","      border-top-color: var(--fill-color);\n","      border-right-color: var(--fill-color);\n","    }\n","    40% {\n","      border-color: transparent;\n","      border-right-color: var(--fill-color);\n","      border-top-color: var(--fill-color);\n","    }\n","    60% {\n","      border-color: transparent;\n","      border-right-color: var(--fill-color);\n","    }\n","    80% {\n","      border-color: transparent;\n","      border-right-color: var(--fill-color);\n","      border-bottom-color: var(--fill-color);\n","    }\n","    90% {\n","      border-color: transparent;\n","      border-bottom-color: var(--fill-color);\n","    }\n","  }\n","</style>\n","\n","  <script>\n","    async function quickchart(key) {\n","      const quickchartButtonEl =\n","        document.querySelector('#' + key + ' button');\n","      quickchartButtonEl.disabled = true;  // To prevent multiple clicks.\n","      quickchartButtonEl.classList.add('colab-df-spinner');\n","      try {\n","        const charts = await google.colab.kernel.invokeFunction(\n","            'suggestCharts', [key], {});\n","      } catch (error) {\n","        console.error('Error during call to suggestCharts:', error);\n","      }\n","      quickchartButtonEl.classList.remove('colab-df-spinner');\n","      quickchartButtonEl.classList.add('colab-df-quickchart-complete');\n","    }\n","    (() => {\n","      let quickchartButtonEl =\n","        document.querySelector('#df-5e46ce99-a491-4649-8f85-639defb3b0e1 button');\n","      quickchartButtonEl.style.display =\n","        google.colab.kernel.accessAllowed ? 'block' : 'none';\n","    })();\n","  </script>\n","</div>\n","    </div>\n","  </div>\n"],"application/vnd.google.colaboratory.intrinsic+json":{"type":"dataframe","variable_name":"data"}},"metadata":{},"execution_count":3}]},{"cell_type":"markdown","source":["##4. Análisis exploratorio\n","\n","La idea es usar herramientas estadísticas y de visualización para:\n","\n","- Crear un mapa mental del set de datos (entenderlo)\n","- Empezar a encontrar respuestas a la pregunta planteada inicialmente (¿Qué factores pueden influir en el rendimiento de los estudiantes de los colegios Gabriel Pereira y Mousinho da Silveira de Portugal)?\n","\n","Llevaremos a cabo estas fases:\n","\n","1. Análisis de cada variable de manera individual\n","2. **Análisis univariado: relación de cada variable predictora con la variable a predecir**\n","3. **Análisis bivariado: relación de pares de variables predictoras con la variable a predecir**"],"metadata":{"id":"Ya-TVVWBFbpF"}},{"cell_type":"markdown","source":["###**4.1.** Análisis de cada variable de manera individual\n","\n","Nos permite entender las características generales de cada variable de nuestro set de datos."],"metadata":{"id":"BALZklaWHMpv"}},{"cell_type":"code","source":["# Con data.info() podemos ver las variables categóricas\n","# (Dtype=object)\n","data.info()"],"metadata":{"colab":{"base_uri":"https://localhost:8080/"},"id":"0uyxmmbyFa95","executionInfo":{"status":"ok","timestamp":1708389885715,"user_tz":300,"elapsed":223,"user":{"displayName":"Nelson Fabian Ramirez Upegui","userId":"13971451600533089507"}},"outputId":"972c3320-ec66-4c9f-cbf9-65c1c6d0c528"},"execution_count":4,"outputs":[{"output_type":"stream","name":"stdout","text":["<class 'pandas.core.frame.DataFrame'>\n","RangeIndex: 649 entries, 0 to 648\n","Data columns (total 33 columns):\n"," #   Column      Non-Null Count  Dtype \n","---  ------      --------------  ----- \n"," 0   school      649 non-null    object\n"," 1   sex         649 non-null    object\n"," 2   age         649 non-null    int64 \n"," 3   address     649 non-null    object\n"," 4   famsize     649 non-null    object\n"," 5   Pstatus     649 non-null    object\n"," 6   Medu        649 non-null    int64 \n"," 7   Fedu        649 non-null    int64 \n"," 8   Mjob        649 non-null    object\n"," 9   Fjob        649 non-null    object\n"," 10  reason      649 non-null    object\n"," 11  guardian    649 non-null    object\n"," 12  traveltime  649 non-null    int64 \n"," 13  studytime   649 non-null    int64 \n"," 14  failures    649 non-null    int64 \n"," 15  schoolsup   649 non-null    object\n"," 16  famsup      649 non-null    object\n"," 17  paid        649 non-null    object\n"," 18  activities  649 non-null    object\n"," 19  nursery     649 non-null    object\n"," 20  higher      649 non-null    object\n"," 21  internet    649 non-null    object\n"," 22  romantic    649 non-null    object\n"," 23  famrel      649 non-null    int64 \n"," 24  freetime    649 non-null    int64 \n"," 25  goout       649 non-null    int64 \n"," 26  Dalc        649 non-null    int64 \n"," 27  Walc        649 non-null    int64 \n"," 28  health      649 non-null    int64 \n"," 29  absences    649 non-null    int64 \n"," 30  G1          649 non-null    int64 \n"," 31  G2          649 non-null    int64 \n"," 32  G3          649 non-null    int64 \n","dtypes: int64(16), object(17)\n","memory usage: 167.4+ KB\n"]}]},{"cell_type":"code","source":["data.isna().sum()"],"metadata":{"colab":{"base_uri":"https://localhost:8080/"},"id":"8in1WWDeDl8X","executionInfo":{"status":"ok","timestamp":1708391309381,"user_tz":300,"elapsed":246,"user":{"displayName":"Nelson Fabian Ramirez Upegui","userId":"13971451600533089507"}},"outputId":"07596002-9df8-454b-b66d-437633c7c7ac"},"execution_count":8,"outputs":[{"output_type":"execute_result","data":{"text/plain":["school        0\n","sex           0\n","age           0\n","address       0\n","famsize       0\n","Pstatus       0\n","Medu          0\n","Fedu          0\n","Mjob          0\n","Fjob          0\n","reason        0\n","guardian      0\n","traveltime    0\n","studytime     0\n","failures      0\n","schoolsup     0\n","famsup        0\n","paid          0\n","activities    0\n","nursery       0\n","higher        0\n","internet      0\n","romantic      0\n","famrel        0\n","freetime      0\n","goout         0\n","Dalc          0\n","Walc          0\n","health        0\n","absences      0\n","G1            0\n","G2            0\n","G3            0\n","dtype: int64"]},"metadata":{},"execution_count":8}]},{"cell_type":"code","source":["# Análisis de la correlación\n","data.corr()"],"metadata":{"colab":{"base_uri":"https://localhost:8080/","height":1000},"id":"Diw8lgHbIxTl","executionInfo":{"status":"ok","timestamp":1708392677032,"user_tz":300,"elapsed":238,"user":{"displayName":"Nelson Fabian Ramirez Upegui","userId":"13971451600533089507"}},"outputId":"51f68247-281c-4303-f9e5-ee6014463266"},"execution_count":9,"outputs":[{"output_type":"stream","name":"stderr","text":["<ipython-input-9-1ea26212b8a0>:2: FutureWarning: The default value of numeric_only in DataFrame.corr is deprecated. In a future version, it will default to False. Select only valid columns or specify the value of numeric_only to silence this warning.\n","  data.corr()\n"]},{"output_type":"execute_result","data":{"text/plain":["                 age      Medu      Fedu  traveltime  studytime  failures  \\\n","age         1.000000 -0.107832 -0.121050    0.034490  -0.008415  0.319968   \n","Medu       -0.107832  1.000000  0.647477   -0.265079   0.097006 -0.172210   \n","Fedu       -0.121050  0.647477  1.000000   -0.208288   0.050400 -0.165915   \n","traveltime  0.034490 -0.265079 -0.208288    1.000000  -0.063154  0.097730   \n","studytime  -0.008415  0.097006  0.050400   -0.063154   1.000000 -0.147441   \n","failures    0.319968 -0.172210 -0.165915    0.097730  -0.147441  1.000000   \n","famrel     -0.020559  0.024421  0.020256   -0.009521  -0.004127 -0.062645   \n","freetime   -0.004910 -0.019686  0.006841    0.000937  -0.068829  0.108995   \n","goout       0.112805  0.009536  0.027690    0.057454  -0.075442  0.045078   \n","Dalc        0.134768 -0.007018  0.000061    0.092824  -0.137585  0.105949   \n","Walc        0.086357 -0.019766  0.038445    0.057007  -0.214925  0.082266   \n","health     -0.008750  0.004614  0.044910   -0.048261  -0.056433  0.035588   \n","absences    0.149998 -0.008577  0.029859   -0.008149  -0.118389  0.122779   \n","G1         -0.174322  0.260472  0.217501   -0.154120   0.260875 -0.384210   \n","G2         -0.107119  0.264035  0.225139   -0.154489   0.240498 -0.385782   \n","G3         -0.106505  0.240151  0.211800   -0.127173   0.249789 -0.393316   \n","\n","              famrel  freetime     goout      Dalc      Walc    health  \\\n","age        -0.020559 -0.004910  0.112805  0.134768  0.086357 -0.008750   \n","Medu        0.024421 -0.019686  0.009536 -0.007018 -0.019766  0.004614   \n","Fedu        0.020256  0.006841  0.027690  0.000061  0.038445  0.044910   \n","traveltime -0.009521  0.000937  0.057454  0.092824  0.057007 -0.048261   \n","studytime  -0.004127 -0.068829 -0.075442 -0.137585 -0.214925 -0.056433   \n","failures   -0.062645  0.108995  0.045078  0.105949  0.082266  0.035588   \n","famrel      1.000000  0.129216  0.089707 -0.075767 -0.093511  0.109559   \n","freetime    0.129216  1.000000  0.346352  0.109904  0.120244  0.084526   \n","goout       0.089707  0.346352  1.000000  0.245126  0.388680 -0.015741   \n","Dalc       -0.075767  0.109904  0.245126  1.000000  0.616561  0.059067   \n","Walc       -0.093511  0.120244  0.388680  0.616561  1.000000  0.114988   \n","health      0.109559  0.084526 -0.015741  0.059067  0.114988  1.000000   \n","absences   -0.089534 -0.018716  0.085374  0.172952  0.156373 -0.030235   \n","G1          0.048795 -0.094497 -0.074053 -0.195171 -0.155649 -0.051647   \n","G2          0.089588 -0.106678 -0.079469 -0.189480 -0.164852 -0.082179   \n","G3          0.063361 -0.122705 -0.087641 -0.204719 -0.176619 -0.098851   \n","\n","            absences        G1        G2        G3  \n","age         0.149998 -0.174322 -0.107119 -0.106505  \n","Medu       -0.008577  0.260472  0.264035  0.240151  \n","Fedu        0.029859  0.217501  0.225139  0.211800  \n","traveltime -0.008149 -0.154120 -0.154489 -0.127173  \n","studytime  -0.118389  0.260875  0.240498  0.249789  \n","failures    0.122779 -0.384210 -0.385782 -0.393316  \n","famrel     -0.089534  0.048795  0.089588  0.063361  \n","freetime   -0.018716 -0.094497 -0.106678 -0.122705  \n","goout       0.085374 -0.074053 -0.079469 -0.087641  \n","Dalc        0.172952 -0.195171 -0.189480 -0.204719  \n","Walc        0.156373 -0.155649 -0.164852 -0.176619  \n","health     -0.030235 -0.051647 -0.082179 -0.098851  \n","absences    1.000000 -0.147149 -0.124745 -0.091379  \n","G1         -0.147149  1.000000  0.864982  0.826387  \n","G2         -0.124745  0.864982  1.000000  0.918548  \n","G3         -0.091379  0.826387  0.918548  1.000000  "],"text/html":["\n","  <div id=\"df-b7504e92-a38e-4ea7-8c26-18754ee9506f\" class=\"colab-df-container\">\n","    <div>\n","<style scoped>\n","    .dataframe tbody tr th:only-of-type {\n","        vertical-align: middle;\n","    }\n","\n","    .dataframe tbody tr th {\n","        vertical-align: top;\n","    }\n","\n","    .dataframe thead th {\n","        text-align: right;\n","    }\n","</style>\n","<table border=\"1\" class=\"dataframe\">\n","  <thead>\n","    <tr style=\"text-align: right;\">\n","      <th></th>\n","      <th>age</th>\n","      <th>Medu</th>\n","      <th>Fedu</th>\n","      <th>traveltime</th>\n","      <th>studytime</th>\n","      <th>failures</th>\n","      <th>famrel</th>\n","      <th>freetime</th>\n","      <th>goout</th>\n","      <th>Dalc</th>\n","      <th>Walc</th>\n","      <th>health</th>\n","      <th>absences</th>\n","      <th>G1</th>\n","      <th>G2</th>\n","      <th>G3</th>\n","    </tr>\n","  </thead>\n","  <tbody>\n","    <tr>\n","      <th>age</th>\n","      <td>1.000000</td>\n","      <td>-0.107832</td>\n","      <td>-0.121050</td>\n","      <td>0.034490</td>\n","      <td>-0.008415</td>\n","      <td>0.319968</td>\n","      <td>-0.020559</td>\n","      <td>-0.004910</td>\n","      <td>0.112805</td>\n","      <td>0.134768</td>\n","      <td>0.086357</td>\n","      <td>-0.008750</td>\n","      <td>0.149998</td>\n","      <td>-0.174322</td>\n","      <td>-0.107119</td>\n","      <td>-0.106505</td>\n","    </tr>\n","    <tr>\n","      <th>Medu</th>\n","      <td>-0.107832</td>\n","      <td>1.000000</td>\n","      <td>0.647477</td>\n","      <td>-0.265079</td>\n","      <td>0.097006</td>\n","      <td>-0.172210</td>\n","      <td>0.024421</td>\n","      <td>-0.019686</td>\n","      <td>0.009536</td>\n","      <td>-0.007018</td>\n","      <td>-0.019766</td>\n","      <td>0.004614</td>\n","      <td>-0.008577</td>\n","      <td>0.260472</td>\n","      <td>0.264035</td>\n","      <td>0.240151</td>\n","    </tr>\n","    <tr>\n","      <th>Fedu</th>\n","      <td>-0.121050</td>\n","      <td>0.647477</td>\n","      <td>1.000000</td>\n","      <td>-0.208288</td>\n","      <td>0.050400</td>\n","      <td>-0.165915</td>\n","      <td>0.020256</td>\n","      <td>0.006841</td>\n","      <td>0.027690</td>\n","      <td>0.000061</td>\n","      <td>0.038445</td>\n","      <td>0.044910</td>\n","      <td>0.029859</td>\n","      <td>0.217501</td>\n","      <td>0.225139</td>\n","      <td>0.211800</td>\n","    </tr>\n","    <tr>\n","      <th>traveltime</th>\n","      <td>0.034490</td>\n","      <td>-0.265079</td>\n","      <td>-0.208288</td>\n","      <td>1.000000</td>\n","      <td>-0.063154</td>\n","      <td>0.097730</td>\n","      <td>-0.009521</td>\n","      <td>0.000937</td>\n","      <td>0.057454</td>\n","      <td>0.092824</td>\n","      <td>0.057007</td>\n","      <td>-0.048261</td>\n","      <td>-0.008149</td>\n","      <td>-0.154120</td>\n","      <td>-0.154489</td>\n","      <td>-0.127173</td>\n","    </tr>\n","    <tr>\n","      <th>studytime</th>\n","      <td>-0.008415</td>\n","      <td>0.097006</td>\n","      <td>0.050400</td>\n","      <td>-0.063154</td>\n","      <td>1.000000</td>\n","      <td>-0.147441</td>\n","      <td>-0.004127</td>\n","      <td>-0.068829</td>\n","      <td>-0.075442</td>\n","      <td>-0.137585</td>\n","      <td>-0.214925</td>\n","      <td>-0.056433</td>\n","      <td>-0.118389</td>\n","      <td>0.260875</td>\n","      <td>0.240498</td>\n","      <td>0.249789</td>\n","    </tr>\n","    <tr>\n","      <th>failures</th>\n","      <td>0.319968</td>\n","      <td>-0.172210</td>\n","      <td>-0.165915</td>\n","      <td>0.097730</td>\n","      <td>-0.147441</td>\n","      <td>1.000000</td>\n","      <td>-0.062645</td>\n","      <td>0.108995</td>\n","      <td>0.045078</td>\n","      <td>0.105949</td>\n","      <td>0.082266</td>\n","      <td>0.035588</td>\n","      <td>0.122779</td>\n","      <td>-0.384210</td>\n","      <td>-0.385782</td>\n","      <td>-0.393316</td>\n","    </tr>\n","    <tr>\n","      <th>famrel</th>\n","      <td>-0.020559</td>\n","      <td>0.024421</td>\n","      <td>0.020256</td>\n","      <td>-0.009521</td>\n","      <td>-0.004127</td>\n","      <td>-0.062645</td>\n","      <td>1.000000</td>\n","      <td>0.129216</td>\n","      <td>0.089707</td>\n","      <td>-0.075767</td>\n","      <td>-0.093511</td>\n","      <td>0.109559</td>\n","      <td>-0.089534</td>\n","      <td>0.048795</td>\n","      <td>0.089588</td>\n","      <td>0.063361</td>\n","    </tr>\n","    <tr>\n","      <th>freetime</th>\n","      <td>-0.004910</td>\n","      <td>-0.019686</td>\n","      <td>0.006841</td>\n","      <td>0.000937</td>\n","      <td>-0.068829</td>\n","      <td>0.108995</td>\n","      <td>0.129216</td>\n","      <td>1.000000</td>\n","      <td>0.346352</td>\n","      <td>0.109904</td>\n","      <td>0.120244</td>\n","      <td>0.084526</td>\n","      <td>-0.018716</td>\n","      <td>-0.094497</td>\n","      <td>-0.106678</td>\n","      <td>-0.122705</td>\n","    </tr>\n","    <tr>\n","      <th>goout</th>\n","      <td>0.112805</td>\n","      <td>0.009536</td>\n","      <td>0.027690</td>\n","      <td>0.057454</td>\n","      <td>-0.075442</td>\n","      <td>0.045078</td>\n","      <td>0.089707</td>\n","      <td>0.346352</td>\n","      <td>1.000000</td>\n","      <td>0.245126</td>\n","      <td>0.388680</td>\n","      <td>-0.015741</td>\n","      <td>0.085374</td>\n","      <td>-0.074053</td>\n","      <td>-0.079469</td>\n","      <td>-0.087641</td>\n","    </tr>\n","    <tr>\n","      <th>Dalc</th>\n","      <td>0.134768</td>\n","      <td>-0.007018</td>\n","      <td>0.000061</td>\n","      <td>0.092824</td>\n","      <td>-0.137585</td>\n","      <td>0.105949</td>\n","      <td>-0.075767</td>\n","      <td>0.109904</td>\n","      <td>0.245126</td>\n","      <td>1.000000</td>\n","      <td>0.616561</td>\n","      <td>0.059067</td>\n","      <td>0.172952</td>\n","      <td>-0.195171</td>\n","      <td>-0.189480</td>\n","      <td>-0.204719</td>\n","    </tr>\n","    <tr>\n","      <th>Walc</th>\n","      <td>0.086357</td>\n","      <td>-0.019766</td>\n","      <td>0.038445</td>\n","      <td>0.057007</td>\n","      <td>-0.214925</td>\n","      <td>0.082266</td>\n","      <td>-0.093511</td>\n","      <td>0.120244</td>\n","      <td>0.388680</td>\n","      <td>0.616561</td>\n","      <td>1.000000</td>\n","      <td>0.114988</td>\n","      <td>0.156373</td>\n","      <td>-0.155649</td>\n","      <td>-0.164852</td>\n","      <td>-0.176619</td>\n","    </tr>\n","    <tr>\n","      <th>health</th>\n","      <td>-0.008750</td>\n","      <td>0.004614</td>\n","      <td>0.044910</td>\n","      <td>-0.048261</td>\n","      <td>-0.056433</td>\n","      <td>0.035588</td>\n","      <td>0.109559</td>\n","      <td>0.084526</td>\n","      <td>-0.015741</td>\n","      <td>0.059067</td>\n","      <td>0.114988</td>\n","      <td>1.000000</td>\n","      <td>-0.030235</td>\n","      <td>-0.051647</td>\n","      <td>-0.082179</td>\n","      <td>-0.098851</td>\n","    </tr>\n","    <tr>\n","      <th>absences</th>\n","      <td>0.149998</td>\n","      <td>-0.008577</td>\n","      <td>0.029859</td>\n","      <td>-0.008149</td>\n","      <td>-0.118389</td>\n","      <td>0.122779</td>\n","      <td>-0.089534</td>\n","      <td>-0.018716</td>\n","      <td>0.085374</td>\n","      <td>0.172952</td>\n","      <td>0.156373</td>\n","      <td>-0.030235</td>\n","      <td>1.000000</td>\n","      <td>-0.147149</td>\n","      <td>-0.124745</td>\n","      <td>-0.091379</td>\n","    </tr>\n","    <tr>\n","      <th>G1</th>\n","      <td>-0.174322</td>\n","      <td>0.260472</td>\n","      <td>0.217501</td>\n","      <td>-0.154120</td>\n","      <td>0.260875</td>\n","      <td>-0.384210</td>\n","      <td>0.048795</td>\n","      <td>-0.094497</td>\n","      <td>-0.074053</td>\n","      <td>-0.195171</td>\n","      <td>-0.155649</td>\n","      <td>-0.051647</td>\n","      <td>-0.147149</td>\n","      <td>1.000000</td>\n","      <td>0.864982</td>\n","      <td>0.826387</td>\n","    </tr>\n","    <tr>\n","      <th>G2</th>\n","      <td>-0.107119</td>\n","      <td>0.264035</td>\n","      <td>0.225139</td>\n","      <td>-0.154489</td>\n","      <td>0.240498</td>\n","      <td>-0.385782</td>\n","      <td>0.089588</td>\n","      <td>-0.106678</td>\n","      <td>-0.079469</td>\n","      <td>-0.189480</td>\n","      <td>-0.164852</td>\n","      <td>-0.082179</td>\n","      <td>-0.124745</td>\n","      <td>0.864982</td>\n","      <td>1.000000</td>\n","      <td>0.918548</td>\n","    </tr>\n","    <tr>\n","      <th>G3</th>\n","      <td>-0.106505</td>\n","      <td>0.240151</td>\n","      <td>0.211800</td>\n","      <td>-0.127173</td>\n","      <td>0.249789</td>\n","      <td>-0.393316</td>\n","      <td>0.063361</td>\n","      <td>-0.122705</td>\n","      <td>-0.087641</td>\n","      <td>-0.204719</td>\n","      <td>-0.176619</td>\n","      <td>-0.098851</td>\n","      <td>-0.091379</td>\n","      <td>0.826387</td>\n","      <td>0.918548</td>\n","      <td>1.000000</td>\n","    </tr>\n","  </tbody>\n","</table>\n","</div>\n","    <div class=\"colab-df-buttons\">\n","\n","  <div class=\"colab-df-container\">\n","    <button class=\"colab-df-convert\" onclick=\"convertToInteractive('df-b7504e92-a38e-4ea7-8c26-18754ee9506f')\"\n","            title=\"Convert this dataframe to an interactive table.\"\n","            style=\"display:none;\">\n","\n","  <svg xmlns=\"http://www.w3.org/2000/svg\" height=\"24px\" viewBox=\"0 -960 960 960\">\n","    <path d=\"M120-120v-720h720v720H120Zm60-500h600v-160H180v160Zm220 220h160v-160H400v160Zm0 220h160v-160H400v160ZM180-400h160v-160H180v160Zm440 0h160v-160H620v160ZM180-180h160v-160H180v160Zm440 0h160v-160H620v160Z\"/>\n","  </svg>\n","    </button>\n","\n","  <style>\n","    .colab-df-container {\n","      display:flex;\n","      gap: 12px;\n","    }\n","\n","    .colab-df-convert {\n","      background-color: #E8F0FE;\n","      border: none;\n","      border-radius: 50%;\n","      cursor: pointer;\n","      display: none;\n","      fill: #1967D2;\n","      height: 32px;\n","      padding: 0 0 0 0;\n","      width: 32px;\n","    }\n","\n","    .colab-df-convert:hover {\n","      background-color: #E2EBFA;\n","      box-shadow: 0px 1px 2px rgba(60, 64, 67, 0.3), 0px 1px 3px 1px rgba(60, 64, 67, 0.15);\n","      fill: #174EA6;\n","    }\n","\n","    .colab-df-buttons div {\n","      margin-bottom: 4px;\n","    }\n","\n","    [theme=dark] .colab-df-convert {\n","      background-color: #3B4455;\n","      fill: #D2E3FC;\n","    }\n","\n","    [theme=dark] .colab-df-convert:hover {\n","      background-color: #434B5C;\n","      box-shadow: 0px 1px 3px 1px rgba(0, 0, 0, 0.15);\n","      filter: drop-shadow(0px 1px 2px rgba(0, 0, 0, 0.3));\n","      fill: #FFFFFF;\n","    }\n","  </style>\n","\n","    <script>\n","      const buttonEl =\n","        document.querySelector('#df-b7504e92-a38e-4ea7-8c26-18754ee9506f button.colab-df-convert');\n","      buttonEl.style.display =\n","        google.colab.kernel.accessAllowed ? 'block' : 'none';\n","\n","      async function convertToInteractive(key) {\n","        const element = document.querySelector('#df-b7504e92-a38e-4ea7-8c26-18754ee9506f');\n","        const dataTable =\n","          await google.colab.kernel.invokeFunction('convertToInteractive',\n","                                                    [key], {});\n","        if (!dataTable) return;\n","\n","        const docLinkHtml = 'Like what you see? Visit the ' +\n","          '<a target=\"_blank\" href=https://colab.research.google.com/notebooks/data_table.ipynb>data table notebook</a>'\n","          + ' to learn more about interactive tables.';\n","        element.innerHTML = '';\n","        dataTable['output_type'] = 'display_data';\n","        await google.colab.output.renderOutput(dataTable, element);\n","        const docLink = document.createElement('div');\n","        docLink.innerHTML = docLinkHtml;\n","        element.appendChild(docLink);\n","      }\n","    </script>\n","  </div>\n","\n","\n","<div id=\"df-c0a407a8-1dee-40f2-ac4c-1d9da2e879bd\">\n","  <button class=\"colab-df-quickchart\" onclick=\"quickchart('df-c0a407a8-1dee-40f2-ac4c-1d9da2e879bd')\"\n","            title=\"Suggest charts\"\n","            style=\"display:none;\">\n","\n","<svg xmlns=\"http://www.w3.org/2000/svg\" height=\"24px\"viewBox=\"0 0 24 24\"\n","     width=\"24px\">\n","    <g>\n","        <path d=\"M19 3H5c-1.1 0-2 .9-2 2v14c0 1.1.9 2 2 2h14c1.1 0 2-.9 2-2V5c0-1.1-.9-2-2-2zM9 17H7v-7h2v7zm4 0h-2V7h2v10zm4 0h-2v-4h2v4z\"/>\n","    </g>\n","</svg>\n","  </button>\n","\n","<style>\n","  .colab-df-quickchart {\n","      --bg-color: #E8F0FE;\n","      --fill-color: #1967D2;\n","      --hover-bg-color: #E2EBFA;\n","      --hover-fill-color: #174EA6;\n","      --disabled-fill-color: #AAA;\n","      --disabled-bg-color: #DDD;\n","  }\n","\n","  [theme=dark] .colab-df-quickchart {\n","      --bg-color: #3B4455;\n","      --fill-color: #D2E3FC;\n","      --hover-bg-color: #434B5C;\n","      --hover-fill-color: #FFFFFF;\n","      --disabled-bg-color: #3B4455;\n","      --disabled-fill-color: #666;\n","  }\n","\n","  .colab-df-quickchart {\n","    background-color: var(--bg-colo